708478584
2865381010
2206258533
364589986
2409687396
594964231
1046980152
1290326300
1497530582
2412843049
585942630
2230948192
57964345
1289532456
1370807557
26918423
447335866
2808259620
166564472
2743907276
420836313
351978447
333691300
83424647
122165429
1053935510
1890029756
1873265952
1477184336
2698904280
458758038
2820698844
2779244624
20234871
2354605328
220876121
2417680650
348857079
2743790924
228556703
2756184557
846452239
1311105823
123024013
14377485
783024834
492430149
850321189
47362026
340293493
1676342077
2856252493
1157521248
42341607
2717139352
477858438
120822615
417021032
1069258652
96869402
64184349
545516723
29551577
2480714327
469048520
273725210
580248711
1131307800
1695111846
2500079575
255074222
1608470899
46613191
2358490290
100405404
860320968
2878829150
1686996583
360909326
965981258
2475992341
211639285
1245654080
1140674114
2230864784
22175899
384503294
587640000
469644056
2305104648
2429801786
146983929
25493619
887655427
174743360
2732399503
1024843292
1158770227
417916406
2798760614
2364490797
2213847908
438530299
354135639
1674431576
203275770
938906197
239031723
2444549970
519128081
2643015910
436980516
60137885
323524467
448124938
531655870
420958376
1571040354
112790402
57360803
2546799931
2279148252
2326995484
2878824482
127724515
478658224
