536183960695365633
536962239170109440
535058691951980546
535084340448071680
532566998426062848
535165071572627456
536455476322369537
532430746598649856
526520569676955649
526520573984530432
526520598915473408
526520632390193152
526520615965319168
526520641160491008
526520595304177665
526520620285444096
526520632067256321
526520670080225280
526520683333820416
526520690774925312
526520679248965632
526520682726039552
526520708302913536
526520721057783808
526520712455262209
526520707237560320
526520741878308864
526520738082459648
526520733640691714
526520741710528513
526520728569806848
526520758961717248
526520754188599296
526520749956562944
526520825307209728
526520796030992384
526520817770057728
526520837742923776
526520892906831872
526520834308210688
526520918114566146
526520920303628289
526520901337366528
526520943351693312
526520938708627456
526520951102771200
526520960347045888
526520946925268992
526520972103671808
526520997298839552
526520988406923264
526520988339810304
526521015250472960
526521014457339904
526521018190680064
526521018735943681
526521030844882945
526521052558815232
526521034531676160
526521107143491584
526521106492952576
526521060477657088
526521131852115968
526521135660552192
526521207227953153
526521156837576704
526521173275074560
526521227750674432
526521219760549888
526521236344414208
526521232200851456
526521232309882880
526521287427256320
526521278665351170
526521299695591425
526521345656750080
526520846207447040
526521408420347904
526521371376222209
526521353927929856
526521383279685632
526521417161261059
526521417165467648
526521446475251712
526521454905786369
526521505459757056
526521480298102784
526521480171905024
526521509310124032
526521537839775744
